1 1 1 1
1 1 1 1
1 1 1 1
1 1 1 1


1 1 1 0.0000001
1 1 1 0.0000001
1 1 1 0.0000001
0.0000001 0.0000001 0.0000001 1


1 1 0.0000001 0.0000001
1 1 0.0000001 0.0000001
0.0000001 0.0000001 1 0.0000001
0.0000001 0.0000001 0.0000001 1


1 0.0000001 0.0000001 0.0000001
0.0000001 1 0.0000001 0.0000001
0.0000001 0.0000001 1 0.0000001
0.0000001 0.0000001 0.0000001 1


1 0.0000001 0.0000001 0.0000001
0.0000001 1 0.0000001 0.0000001
0.0000001 0.0000001 1 0.0000001
0.0000001 0.0000001 0.0000001 1


#periods=0.5 1.9 3.7 5.1 10 